  	0    1.225e+00     3.403e+02
           2000    1.007e+00     3.325e+02
           4000    8.193e-01     3.246e+02
           6000    6.601e-01     3.165e+02
           8000    5.258e-01     3.081e+02
          10000    4.135e-01     2.995e+02
          12000    3.119e-01     2.951e+02
          14000    2.279e-01     2.951e+02
          16000    1.665e-01     2.951e+02
          18000    1.216e-01     2.951e+02
          20000    8.891e-02     2.951e+02
          22000    6.451e-02     2.964e+02
          24000    4.694e-02     2.977e+02
          26000    3.426e-02     2.991e+02
          28000    2.508e-02     3.004e+02
          30000    1.841e-02     3.017e+02
          32000    1.355e-02     3.030e+02
          34000    9.887e-03     3.065e+02
          36000    7.257e-03     3.101e+02
          38000    5.366e-03     3.137e+02
          40000    3.995e-03     3.172e+02
          42000    2.995e-03     3.207e+02
          44000    2.259e-03     3.241e+02
          46000    1.714e-03     3.275e+02
          48000    1.317e-03     3.298e+02
          50000    1.027e-03     3.298e+02
          52000    8.055e-04     3.288e+02
          54000    6.389e-04     3.254e+02
          56000    5.044e-04     3.220e+02
          58000    3.962e-04     3.186e+02
          60000    3.096e-04     3.151e+02
          62000    2.407e-04     3.115e+02
          64000    1.860e-04     3.080e+02
          66000    1.429e-04     3.044e+02
          68000    1.091e-04     3.007e+02
          70000    8.281e-05     2.971e+02
          72000    6.236e-05     2.934e+02
          74000    4.637e-05     2.907e+02
          76000    3.430e-05     2.880e+02
          78000    2.523e-05     2.853e+02
          80000    1.845e-05     2.825e+02
          82000    1.341e-05     2.797e+02
          84000    9.690e-06     2.769e+02
          86000    6.955e-06     2.741e+02